2005
2006
2008
2010
2012
2015
2018
2019
2020
2022
2024
2025
2027
2028
2032
2035
2038
2039
2040
2041
2051
2053
2060
2061
2062
2064
2065
2067
2071
2072
2073
2078
2079
2085
2086
2090
2092
2093
2094
2095
2101
2102
2104
2105
2107
2109
2110
2111
2113
2120
2122
2124
2125
2130
2137
2139
2145
2149
2154
2155
2157
2160
2163
2168
2171
2175
2177
2178
2180
2181
2184
2185
2187
2190
2191
2197
2205
2220
2221
2226
2227
2228
2231
2232
2234
2235
2237
2241
2244
2247
2248
2249
2252
2253
2259
2260
2262
2263
2264
2265
2266
2268
2275
2278
2279
2283
2285
2287
2289
2290
2292
2293
2295
2296
2299
2300
2301
2302
2303
2304
2305
2308
2309
2313
2314
2316
2323
2324
2325
2330
2331
2334
2336
2339
2340
2342
2344
2349
2353
2354
2355
2362
2365
2366
2368
2370
2372
2373
2376
2379
2380
2382
2383
2386
2387
2389
2393
2395
2397
2399
2405
2406
2407
2413
2418
2421
2423
2424
2426
2427
2429
2431
2432
2433
2435
2436
2437
2439
2442
2445
2446
2448
2450
2451
2452
2455
2457
2460
2465
2466
2467
2469
2471
2472
2476
2477
2478
2479
2482
2483
2485
2486
2488
2490
2492
2495
2499
2501
2502
2504
2506
2510
2511
2514
2515
2519
2521
2524
2525
2526
2527
2528
2533
2534
2537
2539
2540
2543
2545
2546
2547
2548
2549
2552
2554
2557
2558
2559
2562
2565
2566
2568
2570
2571
2575
2576
2578
2579
2584
2585
2586
2587
2589
2593
2594
2597
2598
2599
2602
2603
2604
2608
2609
2610
2611
2614
2615
2616
2617
2619
2620
2621
2622
2623
2627
2628
2630
2631
2634
2638
2640
2641
2642
2645
2647
2648
2650
2652
2653
2657
2658
2661
2662
2663
2667
2669
2672
2675
2676
2678
2679
2684
2689
2690
2691
2692
2693
2703
2707
2708
2709
2710
2711
2713
2716
2717
2719
2723
2726
2729
2734
2736
2741
2743
2744
2749
2751
2754
2755
2756
2759
2761
2766
2767
2768
2770
2772
2773
2774
2775
2776
2780
2782
2784
2785
2788
2789
2790
2792
2793
2794
2797
2800
2803
2806
2812
2818
2819
2820
2821
2826
2827
2828
2830
2832
2834
2835
2837
2839
2840
2842
2844
2847
2849
2851
2854
2858
2860
2862
2866
2868
2870
2871
2874
2875
2876
2877
2879
2883
2884
2887
2888
2889
2893
2896
2897
2898
2900
2909
2910
2913
2915
2917
2921
2924
2926
2927
2929
2930
2932
2934
2935
2938
2942
2944
2945
2950
2952
2953
2954
2955
2956
2957
2959
2960
2962
2963
2965
2967
2968
2969
2970
2981
2982
2983
2984
2989
2991
2992
2993
2994
2995
2996
2998
2999
3000
3001
3002
3003
3004
3007
3009
3011
3012
3013
3014
3015
3016
3018
3019
3020
3021
3023
3025
3028
3029
3030
3034
3036
3038
3039
3040
3041
3042
3045
3046
3047
3049
3050
3051
3052
3054
3055
3056
3057
3059
3061
3062
3063
3064
3065
3067
3068
3069
3070
3071
3072
3073
3074
3075
3076
3077
3080
3081
3082
3083
3085
3086
3087
3088
3090
3092
3093
3095
3096
3097
3099
3102
3103
3104
3105
3107
3108
3111
3113
3115
3118
3120
3121
3124
3130
3131
3133
3134
3135
3136
3138
3140
3142
3143
3144
3146
3148
3150
3151
3152
3154
3155
3156
3158
3159
3161
3162
3166
3167
3168
3169
3170
3171
3173
3174
3175
3181
3182
3184
3185
3186
3187
3188
3189
3190
3191
3194
3195
3196
3198
3200
3201
3202
3203
3204
3205
3206
3207
3208
3214
3215
3216
3219
3221
3223
3225
3226
3227
3228
3229
3230
3231
3232
3233
3234
3235
3236
3237
3238
3239
3242
3244
3245
3246
3247
3250
3251
3252
3253
3254
3255
3256
3257
3259
3260
3265
3266
3267
3268
3269
3270
3271
3272
3275
3276
3279
3280
3281
3282
3283
3284
3286
3288
3290
3291
3293
3294
3296
3300
3303
3304
3306
3309
3310
3311
3313
3315
3317
3319
3320
3324
3325
3326
3327
3328
3330
3331
3332
3333
3334
3338
3340
3342
3343
3344
3345
3346
3349
3351
3352
3353
3354
3355
3359
3360
3361
3362
3363
3364
3365
3367
3368
3369
3371
3372
3373
3375
3377
3379
3381
3382
3383
3384
3386
3387
3389
3393
3397
3398
3399
3402
3403
3405
3406
3408
3409
3411
3414
3417
3419
3420
3421
3424
3425
3426
3427
3428
3429
3431
3433
3435
3439
3441
3443
3445
3447
3448
3449
3450
3451
3453
3454
3455
3457
3458
3460
3463
3464
3467
3473
3476
3487
3489
3491
3495
3496
3497
3500
3503
3504
3506
3508
3509
3513
3514
3515
3517
3518
3521
3523
3524
3525
3526
3527
3530
3533
3535
3537
3539
3541
3543
3549
3550
3551
3554
3556
3557
3561
3563
3565
3567
3569
3570
3573
3574
3576
3580
3584
3586
3587
3591
3595
3596
3597
3606
3607
3615
3624
3626
3628
3633
3636
3638
3639
3642
3646
3647
3651
3655
3657
3658
3659
3660
3662
3663
3665
3666
3675
3676
3680
3681
3682
3686
3688
3691
3692
3693
3694
3696
3697
3699
3703
3707
3709
3711
3716
3720
3723
3725
3727
3728
3734
3735
3736
3738
3743
3745
3746
3747
3750
3751
3754
3760
3763
3764
3768
3769
3770
3773
3774
3776
3777
3781
3784
3788
3791
3796
3797
3798
3801
3802
3803
3804
3805
3809
3810
3811
3813
3815
3821
3825
3828
3830
3838
3841
3845
3847
3850
3852
3855
3862
3870
3876
3883
3887
3898
3902
3903
3908
3911
3917
3921
3925
3926
3946
3952
3956
3962
3965
3971
3979
3983
3985
3988
3993
4004
4008
4013
4019
4022
4023
4026
4028
4032
4033
4036
4037
4038
4048
4049
4050
4051
4055
4056
4060
4064
4071
4072
4074
4077
4078
4079
4080
4082
4090
4092
4096
4099
4101
4103
4104
4108
4109
4113
4114
4123
4127
4129
4130
4133
4137
4138
4147
4148
4149
4150
4151
4152
4153
4154
4155
4158
4159
4165
4166
4168
4171
4174
4175
4177
4181
4184
4311
4312
4314
4316
4318
4319
4320
4321
4325
4327
4329
4330
4333
4334
4336
4339
4340
4341
4342
4345
4346
4347
4349
4353
4356
4358
4360
4362
4363
4364
4366
4370
4372
4376
4378
4379
4380
4382
4443
4483
4519
4548
4565
4572
4603
4605
4608
4611
4615
4617
4618
4619
4626
4628
4630
4633
4642
4644
4646
4649
4655
4659
4660
4666
4675
4679
4681
4682
4688
4691
4697
4698
4703
4707
4709
4716
4720
4721
4723
4725
4726
4728
4733
4735
4736
4745
4752
4758
4759
4765
4770
4774
4784
4785
4788
4792
4796
4799
4801
4802
4812
4814
4821
4822
4826
4829
4830
4831
4834
4840
4856
4858
4859
4868
4876
4877
4880
4886
4890
4902
4905
4908
4917
4927
4928
4936
4940